77622
86587
14177
78378
20434
98470
72177
97258
5666
11465
26402
55429
79909
26009
1069
10628
36147
76636
8202
68538
35604
3408
76628
52271
72165
96796
75451
32995
30793
33652
70816
30240
76639
32899
97516
95188
75464
2937
95187
7178
9793
41514
82232
20364
78552
3650
28899
88756
62813
55004
62126
84939
60101
31826
15869
75587
73239
47662
53236
15099
74858
75026
20830
52242
65733
45335
94143
76758
62433
37052
21558
63388
69567
17989
49436
35941
57404
64301
51021
62137
49661
5029
50130
64789
72479
27241
31818
97071
98172
40825
23298
28155
59091
51902
78762
99057
97041
11213
15626
1755
20606
31234
53209
67193
16265
86813
99856
12713
75737
59101
74816
80730
57126
38222
92756
61040
10045
76308
60218
21952
6736
78303
44332
68756
21955
65002
17995
15079
80813
62600
95386
64713
42089
20844
45359
3909
25366
92456
30871
76408
27251
54306
65220
85383
45848
51092
22618
17104
83003
37640
29781
92115
89563
39395
18572
70671
50884
58786
5192
28054
1895
42098
31143
93741
9752
66917
23965
56242
30973
60165
7724
52808
90592
93639
20668
68894
54803
30051
18523
16682
21461
89885
40473
71065
81079
91327
77902
81671
30875
96338
92228
75552
13810
74514
67408
10788
59953
60249
70186
37946
40387
65824
36731
22235
17931
87320
18734
44574
69777
86525
79874
56901
44008
10694
17139
9804
52615
34407
35842
84435
36512
97784
77689
1172
30230
19445
13811
76485
45049
74118
45845
97261
6109
38466
76925
59390
63278
76029
50929
82005
79245
67403
19230
39885
21009
20641
10331
2288
63052
76530
6772
85101
45891
24679
8662
64198
32499
99122
85934
12678
94078
6320
74433
50555
85535
61408
62508
43457
56340
48566
77814
9932
77653
90119
47264
49557
60995
62264
47986
18875
40020
4533
23511
42736
50958
50152
23995
64715
92739
4973
35830
66065
4053
19675
98373
36139
73321
2476
51040
62124
10711
25672
12014
67007
50347
37914
47871
73514
53309
46742
24193
4108
74489
70665
26067
75951
30132
6588
94779
72049
16435
74152
87699
80775
47625
10087
38124
39007
8371
90932
20669
49649
91695
90364
74788
92067
17719
96506
99712
11486
60097
94522
82441
32086
65677
65609
14565
54440
45581
37625
8971
60509
25490
93246
20948
14944
89607
33683
55939
50988
29115
54771
38998
71256
34485
21203
97333
45382
33929
74915
9581
49142
8092
97867
46593
88787
93235
70108
87866
97319
81204
24728
508
2090
85302
10796
35111
44814
44057
47500
3759
4848
36172
98909
42684
25777
35775
37406
72853
71559
18093
13504
398
47253
83090
58906
44654
29860
52493
53123
52175
37322
81685
26606
39454
23853
98913
21271
40861
56757
82631
57449
40545
84327
50928
79276
77509
59502
91079
88537
47403
67006
25475
66031
74381
66399
74195
4505
31123
49631
79974
15299
72498
94519
98010
4595
73386
77674
85223
61841
54555
81275
57780
46586
67136
52250
62065
83102
22075
71004
8950
28512
81775
46245
61370
7070
44363
24951
27733
50497
30932
18791
50007
39582
53294
63583
78423
28246
74926
52299
75111
81822
32624
29719
90617
40372
45578
13259
22769
69432
4554
75030
38023
8165
40691
74776
1185
3385
76093
26673
45276
539
37508
61470
37842
68713
84662
26078
38123
66290
64123
19510
38123
55061
18421
18617
13716
97764
59991
22756
64044
41282
66708
53113
32251
19327
86700
5058
52537
6648
94816
23733
91464
59936
48754
85024
89326
27116
44636
18604
79978
6753
52168
75664
56036
52253
84465
58693
33241
75418
91679
91981
36065
36970
52945
42780
18598
23456
9608
88162
88166
86739
53252
40008
13457
47317
54646
5465
60524
21561
26106
53691
25392
87999
18348
97217
6655
95454
22119
63192
83668
65095
43691
94023
14158
60264
26518
42167
81092
56883
75902
86131
43773
95773
18751
34491
23753
38530
85687
53946
13327
3680
57292
93475
7412
97444
86848
5730
86280
84377
8636
45578
21803
96787
97062
20072
29088
99865
71710
94134
50653
38866
21892
99348
45199
43505
35555
3122
39555
81411
25682
13385
94586
15186
98391
86069
47364
3305
62189
91274
10766
45470
56230
15022
17728
3362
30807
60347
26415
93277
26138
80098
78001
31023
18288
99869
47152
72772
1578
91704
90027
40647
18498
3068
41467
62172
58451
64345
56613
38538
4842
98765
51098
58940
27519
4173
30563
16779
35152
67518
59752
27377
47806
68357
34922
79362
82167
44779
89717
40921
40433
26912
57865
82037
9023
27396
78378
32739
77512
35976
48959
39522
83447
38155
13036
49142
60467
38264
85529
21509
76942
98737
68779
86040
2126
93388
65616
52073
78286
45449
50255
26540
98236
63997
86975
19769
68093
97274
18221
51894
8337
62611
13798
87861
84891
9848
26596
84864
3953
65603
21838
8459
49600
68393
3395
53552
58551
93827
19867
39121
67467
35516
83722
21090
3473
77889
406
80430
46433
13062
75324
17497
81640
9987
53430
88103
88985
4447
70660
61696
40440
32769
7644
37396
79947
1251
42183
33073
31531
21301
67685
31165
76115
55892
97229
44902
4719
38
15232
82685
89615
6831
71584
80487
45202
84600
34985
90448
63787
55654
29621
78375
59317
41862
42526
32095
29383
80352
27483
46186
85179
48558
95145
3215
34364
68364
11584
83003
35412
48051
19497
51756
25053
19841
44732
61781
86496
23587
29183
15908
47399
14885
85109
32448
80617
6009
36839
19559
79194
14051
23500
42394
80056
23182
30720
97938
12390
89498
58078
85123
39107
46970
11319
97756
80621
19999
40374
96903
16073
11547
14547
56826
71766
91225
55302
73879
20148
12761
87087
45794
11774
36192
66028
33860
90248
11981
66918
3577
88107
29029
86771
28661
78213
24793
47438
91032
63043
447
47852
68344
76985
56585
21648
36484
58627
15966
35456
66166
43
71346
45114
14729
72364
64025
94627
30367
9259
92334
10399
14809
34875
95744
46597
50191
40923
71830
33057
52649
5218
18582
90112
53246
36399
57332
47770
7555
66303
21131
9185
60534
63213
86317
75831
20608
55360
39139
40495
4785
48222
12513
5139
95124
25724
11462
34046
40327
79107
58412
78187
98831
28719
6963
64060
1170
68959
18132
11052
44054
88394
20286
51128
65667
56358
36108
17390
50293
54409
41009
86407
85716
14388
37600
92462
56563
67024
55970
55881
15589
42543
82852
69417
61209
68980
55472
49642
51380
69944
63364
86373
54454
24349
38759
4011
35298
73930
62734
22576
27013
28558
89945
